50:  25.3340   11.0071   25.1586   10.8269   25.2673
100: 24.7381   13.4824   24.1999   13.3366   24.6925
150: 24.6304   14.9653   24.9534   14.8060   24.3983
200: 24.2275   15.6219   21.8146   15.5183   24.1057
250: 23.4681   15.9387   22.7326   15.8756   23.3878


===========================================================

50:  25.5772   11.0852   25.2478   11.0020   25.2272
100: 24.6633   13.3817   24.1499   13.4141   24.4866
150: 24.6123   14.7845   24.8627   14.8321   24.5528
200: 24.0608   15.4902   21.3543   15.5337   24.3765
250: 23.3976   15.7703   22.4686   15.8098   23.4272

===========================================================

50:  25.3340   10.9178   25.2836   10.9646   25.2808
